leapyear.c

input       output
2016        true
2015        false
2014        false
2013        false
2012        true
2011        false
2010        false
2009        false
2008        true
2007        false
2006        false

julian.c results

input        output
1 1 2016      1
2 1 2016      2
10 1 2016     10
1 2 2016      32
13 1 2016     13
31 12 2016    366
31 12 2015    365
18 2 2015     49
2 10 2015     275


driver3  results

input                  output 
1 1 1970 0 0 0         0
1 1 1970 1 0 0         3600
2 1 1970 0 0 0         86400
3 4 1970 0 0 0         7948800
1 1 1971 0 0 0         31536000
1 1 1972 0 0 0         63072000
12 15 1978 12 31 24    284992284
13 3 1990 12 12 12     637330332
1 1 2001 1 1 1         978310861
15 12 2017 1 1 4       1513299664




